00000000000000000
00000010000000000
00000100000000000
00000110000000000
00001000000000000
00001010000000000
00001100000000000
00001110000000000
00010000000000000
00010010000000000
00010100000000000
00010110000000000
00011000000000000
00011010000000000
00011100000000000
00011110000000000
00100000000000000
00100010000000000
00100100000000000
00100110000000000
00101000000000000
00101010000000000
00101100000000000
00101110000000000
00110000000000000
00110010000000000
00110100000000000
00110110000000000
00111000000000000
00111010000000000
00111100000000000
00111110000000000
01000000000000000
01000010000000000
01000100000000000
01000110000000000
01001000000000000
01001010000000000
01001100000000000
01001110000000000
01010000000000000
01010010000000000
01010100000000000
01010110000000000
01011000000000000
01011010000000000
01011100000000000
01011110000000000
01100000000000010
01100010000000000
01100100000000000
01100110000010000
01101000000000000
01101010000000000
01101100000000000
01101110000000000
01110000000000000
01110010000000000
01110100000000000
01110110000000000
01111000000000000
01111010000000000
01111100000000000
01111110000000000
10000000000000000
10000010000000000
10000100000000000
10000110000000000
10001000000000000
10001010000000000
10001100000000000
10001110000000000
10010000000000000
10010010000000000
10010100000000000
10010110000000000
10011000000000000
10011010000000000
10011100000000000
10011110000000000
10100000000000000
10100010000000000
10100100000000000
10100110000000000
10101000000000000
10101010000000000
10101100000000000
10101110000000000
10110000000000000
10110010000000000
10110100000000000
10110110000100000
10111000000000000
10111010000000000
10111100000000000
10111110001000000
11000000000000000
11000010000000000
11000100000000000
11000110000000000
11001000000000000
11001010000000000
11001100000000000
11001110000000000
11010000000000000
11010010000000000
11010100000000000
11010110000000000
11011000000000000
11011010000000100
11011100000000000
11011110000000000
11100000010000000
11100010000000000
11100100000000000
11100110000000000
11101000000000000
11101010000000000
11101100000000000
11101110000000000
11110000000000000
11110010000001000
11110100000000000
11110111000000000
11111000000000000
11111010000000000
11111100000000001
11111110100000000
